Track: 0
Track: 1
-2 (3, 4)
65 (1, 8)
67 (1, 8)
section end
69 (15, 64)
-2 (1, 64)
69 (1, 8)
72 (1, 8)
74 (15, 64)
-2 (1, 64)
74 (1, 8)
81 (1, 8)
section end
79 (1, 8)
77 (1, 8)
77 (1, 8)
74 (1, 8)
72 (29, 64)
-2 (3, 64)
section end
74 (1, 8)
72 (1, 8)
72 (1, 8)
69 (1, 8)
67 (1, 8)
65 (1, 8)
62 (1, 8)
65 (1, 8)
section end
67 (11, 16)
-2 (1, 16)
65 (1, 8)
67 (1, 8)
section end
69 (15, 64)
-2 (1, 64)
69 (1, 8)
72 (1, 8)
74 (15, 64)
-2 (1, 64)
74 (1, 8)
81 (1, 8)
section end
79 (1, 8)
77 (1, 8)
77 (1, 8)
79 (1, 8)
77 (29, 64)
-2 (3, 64)
section end
72 (15, 64)
-2 (1, 64)
72 (1, 8)
69 (1, 8)
76 (1, 8)
77 (1, 8)
65 (1, 8)
67 (1, 8)
section end
69 (29, 64)
-2 (3, 64)
67 (11, 32)
-2 (1, 32)
65 (1, 8)
section end
65 (29, 32)
-2 (3, 32)
section end
69 (15, 64)
-2 (1, 64)
69 (1, 8)
67 (1, 8)
69 (15, 64)
-2 (17, 64)
section end
69 (1, 8)
72 (1, 8)
69 (1, 8)
67 (1, 8)
69 (29, 64)
-2 (3, 64)
section end
65 (15, 64)
-2 (1, 64)
65 (1, 8)
67 (1, 8)
69 (1, 8)
72 (1, 8)
69 (15, 64)
-2 (1, 64)
section end
67 (15, 64)
-2 (1, 64)
67 (1, 8)
65 (1, 8)
67 (15, 64)
-2 (17, 64)
section end
69 (15, 64)
-2 (1, 64)
72 (1, 8)
69 (1, 8)
74 (1, 8)
72 (11, 32)
-2 (1, 32)
section end
74 (1, 8)
72 (1, 8)
72 (1, 8)
69 (1, 8)
72 (11, 32)
-2 (1, 32)
60 (1, 8)
section end
69 (15, 64)
-2 (1, 64)
67 (1, 8)
69 (1, 8)
72 (15, 64)
-2 (1, 64)
69 (1, 8)
67 (1, 8)
section end
67 (15, 64)
-2 (1, 64)
67 (1, 8)
65 (1, 8)
67 (15, 64)
-2 (17, 64)
section end
69 (15, 64)
-2 (1, 64)
69 (1, 8)
67 (1, 8)
69 (15, 64)
-2 (17, 64)
section end
69 (1, 8)
72 (1, 8)
69 (1, 8)
67 (1, 8)
69 (29, 64)
-2 (3, 64)
section end
65 (15, 64)
-2 (1, 64)
65 (1, 8)
67 (1, 8)
69 (1, 8)
72 (1, 8)
69 (15, 64)
-2 (1, 64)
section end
67 (15, 64)
-2 (1, 64)
67 (1, 8)
65 (1, 8)
67 (15, 64)
-2 (17, 64)
section end
69 (15, 64)
-2 (1, 64)
72 (1, 8)
69 (1, 8)
74 (1, 8)
72 (11, 32)
-2 (1, 32)
section end
74 (1, 8)
72 (1, 8)
72 (1, 8)
69 (1, 8)
72 (29, 64)
-2 (3, 64)
section end
69 (15, 64)
-2 (1, 64)
67 (1, 8)
69 (1, 8)
72 (15, 64)
-2 (1, 64)
69 (1, 8)
67 (1, 8)
section end
67 (1, 8)
65 (11, 16)
-2 (5, 32)
-2 (1, 64)
-2 (1, 64)
section end
62 (15, 64)
65 (15, 64)
70 (15, 64)
-2 (1, 64)
65 (15, 64)
70 (15, 64)
-2 (1, 64)
64 (15, 64)
67 (15, 64)
72 (15, 64)
-2 (1, 64)
65 (1, 8)
67 (1, 8)
section end
69 (15, 64)
-2 (1, 64)
69 (1, 8)
72 (1, 8)
74 (15, 64)
-2 (1, 64)
74 (1, 8)
81 (1, 8)
section end
79 (1, 8)
77 (1, 8)
77 (1, 8)
74 (1, 8)
72 (29, 64)
-2 (3, 64)
section end
74 (1, 8)
72 (1, 8)
69 (1, 8)
67 (1, 8)
65 (15, 64)
-2 (1, 64)
62 (1, 8)
65 (1, 8)
section end
67 (15, 64)
-2 (1, 64)
67 (1, 8)
65 (1, 8)
67 (15, 64)
-2 (1, 64)
65 (1, 8)
67 (1, 8)
section end
69 (15, 64)
-2 (1, 64)
69 (1, 8)
72 (1, 8)
74 (15, 64)
-2 (1, 64)
74 (1, 8)
81 (1, 8)
section end
79 (1, 8)
77 (1, 8)
77 (1, 8)
79 (1, 8)
77 (29, 64)
-2 (3, 64)
section end
72 (15, 64)
-2 (1, 64)
72 (1, 8)
69 (1, 8)
76 (1, 8)
77 (1, 8)
65 (1, 8)
67 (1, 8)
section end
69 (29, 64)
-2 (3, 64)
67 (29, 64)
-2 (3, 64)
section end
65 (1, 8)
60 (1, 8)
65 (1, 8)
67 (1, 8)
69 (1, 8)
72 (1, 8)
74 (1, 8)
77 (1, 8)
section end
79 (11, 32)
-2 (1, 32)
81 (1, 8)
77 (15, 64)
-2 (1, 64)
79 (3, 8)
section end
72 (1, 8)
77 (1, 8)
79 (1, 8)
81 (1, 8)
84 (1, 8)
79 (1, 8)
81 (1, 8)
section end
77 (29, 32)
-2 (3, 32)
section end
-2 (1, 8)
60 (1, 8)
65 (1, 8)
67 (1, 8)
69 (1, 8)
72 (1, 8)
74 (1, 8)
77 (1, 8)
section end
79 (11, 32)
-2 (1, 32)
81 (1, 8)
77 (15, 64)
-2 (1, 64)
79 (3, 8)
section end
72 (1, 8)
77 (1, 8)
79 (1, 8)
81 (1, 8)
84 (1, 8)
79 (1, 8)
81 (1, 8)
section end
77 (29, 32)
-2 (3, 32)
section end
77 (29, 32)
72 (29, 32)
Track: 2
-2 (1, 1)
section end
41 (1, 16)
48 (1, 16)
53 (1, 16)
57 (1, 16)
60 (15, 64)
-2 (1, 64)
50 (1, 16)
57 (1, 16)
62 (1, 16)
65 (1, 16)
69 (15, 64)
-2 (1, 64)
section end
46 (1, 16)
53 (1, 16)
58 (1, 16)
62 (1, 16)
65 (15, 64)
-2 (1, 64)
41 (1, 16)
48 (1, 16)
53 (1, 16)
57 (1, 16)
60 (15, 64)
-2 (1, 64)
section end
41 (1, 16)
48 (1, 16)
53 (1, 16)
57 (1, 16)
60 (15, 64)
-2 (1, 64)
48 (1, 16)
55 (1, 16)
60 (11, 32)
-2 (1, 32)
section end
48 (1, 16)
55 (1, 16)
60 (1, 16)
64 (1, 16)
67 (11, 16)
-2 (1, 16)
section end
41 (1, 16)
48 (1, 16)
53 (1, 16)
57 (1, 16)
60 (15, 64)
-2 (1, 64)
50 (1, 16)
57 (1, 16)
62 (1, 16)
65 (1, 16)
69 (15, 64)
-2 (1, 64)
section end
46 (1, 16)
53 (1, 16)
58 (1, 16)
62 (1, 16)
65 (15, 64)
-2 (1, 64)
46 (1, 16)
53 (1, 16)
58 (1, 16)
62 (1, 16)
65 (15, 64)
-2 (1, 64)
section end
45 (1, 16)
52 (1, 16)
57 (1, 16)
60 (1, 16)
64 (15, 64)
-2 (1, 64)
50 (1, 16)
57 (1, 16)
62 (1, 16)
65 (1, 16)
69 (15, 64)
-2 (1, 64)
section end
41 (1, 16)
48 (1, 16)
53 (1, 16)
55 (1, 16)
57 (1, 16)
60 (1, 16)
65 (1, 16)
67 (1, 16)
48 (1, 16)
55 (1, 16)
60 (1, 16)
64 (1, 16)
67 (15, 64)
-2 (1, 64)
section end
41 (1, 16)
48 (1, 16)
53 (1, 16)
55 (1, 16)
57 (1, 16)
60 (1, 16)
65 (1, 16)
67 (1, 16)
41 (1, 16)
48 (1, 16)
53 (1, 16)
55 (1, 16)
57 (1, 16)
60 (1, 16)
65 (1, 16)
67 (1, 16)
section end
41 (1, 16)
48 (1, 16)
53 (1, 16)
57 (1, 16)
60 (15, 64)
-2 (1, 64)
41 (1, 16)
48 (1, 16)
53 (1, 16)
57 (1, 16)
60 (15, 64)
-2 (1, 64)
section end
41 (1, 16)
48 (1, 16)
53 (1, 16)
57 (1, 16)
60 (15, 64)
-2 (1, 64)
41 (1, 16)
48 (1, 16)
53 (1, 16)
57 (1, 16)
60 (15, 64)
-2 (1, 64)
section end
46 (1, 16)
53 (1, 16)
58 (1, 16)
62 (1, 16)
65 (15, 64)
-2 (1, 64)
41 (1, 16)
48 (1, 16)
53 (1, 16)
57 (1, 16)
60 (15, 64)
-2 (1, 64)
section end
48 (1, 16)
55 (1, 16)
60 (1, 16)
64 (1, 16)
67 (15, 64)
-2 (1, 64)
48 (1, 16)
55 (1, 16)
60 (1, 16)
64 (1, 16)
67 (15, 64)
-2 (1, 64)
section end
41 (1, 16)
48 (1, 16)
53 (1, 16)
57 (1, 16)
60 (15, 64)
-2 (1, 64)
41 (1, 16)
48 (1, 16)
53 (1, 16)
57 (1, 16)
60 (15, 64)
-2 (1, 64)
section end
41 (1, 16)
48 (1, 16)
53 (1, 16)
57 (1, 16)
60 (15, 64)
-2 (1, 64)
41 (1, 16)
48 (1, 16)
53 (1, 16)
57 (1, 16)
60 (15, 64)
-2 (1, 64)
section end
41 (1, 16)
48 (1, 16)
53 (1, 16)
57 (1, 16)
60 (15, 64)
-2 (1, 64)
41 (1, 16)
48 (1, 16)
53 (1, 16)
57 (1, 16)
60 (15, 64)
-2 (1, 64)
section end
48 (1, 16)
55 (1, 16)
60 (1, 16)
64 (1, 16)
67 (15, 64)
-2 (1, 64)
48 (1, 16)
55 (1, 16)
60 (1, 16)
62 (1, 16)
64 (1, 16)
67 (1, 16)
72 (1, 16)
74 (1, 16)
section end
41 (1, 16)
48 (1, 16)
53 (1, 16)
57 (1, 16)
60 (15, 64)
-2 (1, 64)
41 (1, 16)
48 (1, 16)
53 (1, 16)
57 (1, 16)
60 (15, 64)
-2 (1, 64)
section end
41 (1, 16)
48 (1, 16)
53 (1, 16)
57 (1, 16)
60 (15, 64)
-2 (1, 64)
41 (1, 16)
48 (1, 16)
53 (1, 16)
57 (1, 16)
60 (15, 64)
-2 (1, 64)
section end
46 (1, 16)
53 (1, 16)
58 (1, 16)
62 (1, 16)
65 (15, 64)
-2 (1, 64)
41 (1, 16)
48 (1, 16)
53 (1, 16)
57 (1, 16)
60 (15, 64)
-2 (1, 64)
section end
48 (1, 16)
55 (1, 16)
60 (1, 16)
64 (1, 16)
67 (15, 64)
-2 (1, 64)
48 (1, 16)
55 (1, 16)
60 (1, 16)
64 (1, 16)
67 (15, 64)
-2 (1, 64)
section end
41 (1, 16)
48 (1, 16)
53 (1, 16)
57 (1, 16)
60 (15, 64)
-2 (1, 64)
41 (1, 16)
48 (1, 16)
53 (1, 16)
57 (1, 16)
60 (15, 64)
-2 (1, 64)
section end
41 (1, 16)
48 (1, 16)
53 (1, 16)
57 (1, 16)
60 (15, 64)
-2 (1, 64)
41 (1, 16)
48 (1, 16)
53 (1, 16)
57 (1, 16)
60 (15, 64)
-2 (1, 64)
section end
41 (1, 16)
48 (1, 16)
53 (1, 16)
57 (1, 16)
60 (15, 64)
-2 (1, 64)
41 (1, 16)
48 (1, 16)
53 (1, 16)
57 (1, 16)
60 (15, 64)
-2 (1, 64)
section end
41 (1, 16)
48 (1, 16)
53 (1, 16)
55 (1, 16)
57 (1, 16)
60 (1, 16)
65 (1, 16)
67 (1, 16)
41 (1, 16)
48 (1, 16)
53 (1, 16)
55 (1, 16)
57 (1, 16)
60 (1, 16)
65 (1, 16)
67 (1, 16)
section end
46 (1, 16)
53 (1, 16)
58 (1, 16)
53 (1, 16)
46 (1, 16)
53 (1, 16)
58 (1, 16)
53 (1, 16)
48 (1, 16)
55 (1, 16)
60 (1, 16)
55 (1, 16)
-2 (1, 4)
section end
41 (1, 16)
48 (1, 16)
53 (1, 16)
57 (1, 16)
60 (15, 64)
-2 (1, 64)
50 (1, 16)
57 (1, 16)
62 (1, 16)
65 (1, 16)
69 (15, 64)
-2 (1, 64)
section end
46 (1, 16)
53 (1, 16)
58 (1, 16)
62 (1, 16)
65 (15, 64)
-2 (1, 64)
41 (1, 16)
48 (1, 16)
53 (1, 16)
57 (1, 16)
60 (15, 64)
-2 (1, 64)
section end
41 (1, 16)
48 (1, 16)
53 (1, 16)
57 (1, 16)
60 (15, 64)
-2 (1, 64)
41 (1, 16)
48 (1, 16)
53 (1, 16)
57 (1, 16)
60 (15, 64)
-2 (1, 64)
section end
48 (1, 16)
55 (1, 16)
60 (1, 16)
64 (1, 16)
67 (15, 64)
-2 (1, 64)
48 (1, 16)
55 (1, 16)
60 (1, 16)
64 (1, 16)
-2 (1, 4)
section end
41 (1, 16)
48 (1, 16)
53 (1, 16)
57 (1, 16)
60 (15, 64)
-2 (1, 64)
50 (1, 16)
57 (1, 16)
62 (1, 16)
65 (1, 16)
69 (15, 64)
-2 (1, 64)
section end
46 (1, 16)
53 (1, 16)
58 (1, 16)
62 (1, 16)
65 (15, 64)
-2 (1, 64)
46 (1, 16)
53 (1, 16)
58 (1, 16)
62 (1, 16)
65 (15, 64)
-2 (1, 64)
section end
41 (1, 16)
48 (1, 16)
53 (1, 16)
57 (1, 16)
60 (15, 64)
-2 (1, 64)
46 (1, 16)
53 (1, 16)
58 (1, 16)
62 (1, 16)
65 (15, 64)
-2 (1, 64)
section end
41 (1, 16)
48 (1, 16)
53 (1, 16)
55 (1, 16)
57 (1, 16)
60 (1, 16)
65 (1, 16)
67 (1, 16)
48 (1, 16)
55 (1, 16)
60 (1, 16)
64 (1, 16)
67 (15, 64)
-2 (1, 64)
section end
41 (1, 16)
48 (1, 16)
53 (1, 16)
57 (1, 16)
60 (15, 64)
-2 (1, 64)
41 (1, 16)
48 (1, 16)
53 (1, 16)
57 (1, 16)
60 (15, 64)
-2 (1, 64)
section end
48 (1, 16)
55 (1, 16)
60 (1, 16)
64 (1, 16)
67 (15, 64)
-2 (1, 64)
46 (1, 16)
53 (1, 16)
58 (1, 16)
62 (1, 16)
65 (15, 64)
-2 (1, 64)
section end
41 (1, 16)
48 (1, 16)
53 (1, 16)
57 (1, 16)
60 (15, 64)
-2 (1, 64)
41 (1, 16)
48 (1, 16)
53 (1, 16)
57 (1, 16)
60 (15, 64)
-2 (1, 64)
section end
41 (1, 16)
48 (1, 16)
53 (1, 16)
55 (1, 16)
57 (1, 16)
60 (1, 16)
65 (1, 16)
67 (1, 16)
41 (1, 16)
48 (1, 16)
53 (1, 16)
55 (1, 16)
57 (1, 16)
60 (1, 16)
65 (1, 16)
67 (1, 16)
section end
41 (1, 16)
48 (1, 16)
53 (1, 16)
57 (1, 16)
60 (15, 64)
-2 (1, 64)
41 (1, 16)
48 (1, 16)
53 (1, 16)
57 (1, 16)
60 (15, 64)
-2 (1, 64)
section end
48 (1, 16)
55 (1, 16)
60 (1, 16)
64 (1, 16)
67 (15, 64)
-2 (1, 64)
46 (1, 16)
53 (1, 16)
58 (1, 16)
62 (1, 16)
65 (15, 64)
-2 (1, 64)
section end
41 (1, 16)
48 (1, 16)
53 (1, 16)
57 (1, 16)
60 (15, 64)
-2 (1, 64)
41 (1, 16)
48 (1, 16)
53 (1, 16)
57 (1, 16)
60 (15, 64)
-2 (1, 64)
section end
41 (1, 16)
48 (1, 16)
53 (1, 16)
55 (1, 16)
57 (1, 16)
60 (1, 16)
65 (1, 16)
67 (1, 16)
41 (1, 16)
48 (1, 16)
53 (1, 16)
55 (1, 16)
57 (1, 16)
60 (1, 16)
65 (1, 16)
-2 (1, 32)
-2 (1, 64)
67 (1, 16)
section end
41 (29, 32)
48 (29, 32)
53 (29, 32)
